913 17 1061 1150 1114 152 422 991 152 0 0 0 0 0 0 0 0 0 0 0 
305 150 1192 125 526 308 396 0 0 0 0 0 0 0 0 0 0 0 0 0 
125 526 308 396 1129 1150 350 0 0 0 0 0 0 0 0 0 0 0 0 0 
916 828 128 603 152 1147 1150 55 12 0 0 0 0 0 0 0 0 0 0 0 
1045 17 1136 1192 1113 0 0 0 0 0 0 0 0 0 0 0 0 0 0 0 
457 522 465 17 179 522 185 677 0 0 0 0 0 0 0 0 0 0 0 0 
939 122 1192 12 396 89 339 1192 0 0 0 0 0 0 0 0 0 0 0 0 
789 326 184 152 526 666 0 0 0 0 0 0 0 0 0 0 0 0 0 0 
184 152 526 666 481 152 846 0 0 0 0 0 0 0 0 0 0 0 0 0 
223 513 17 522 788 875 854 1140 0 0 0 0 0 0 0 0 0 0 0 0 
788 875 854 1140 555 1183 17 642 972 837 0 0 0 0 0 0 0 0 0 0 
604 522 996 1150 687 696 17 350 0 0 0 0 0 0 0 0 0 0 0 0 
218 854 1025 938 828 821 182 0 0 0 0 0 0 0 0 0 0 0 0 0 
363 1150 756 492 396 599 1192 991 0 0 0 0 0 0 0 0 0 0 0 0 
788 875 211 24 695 152 531 0 0 0 0 0 0 0 0 0 0 0 0 0 
806 1150 167 492 396 1080 380 1192 152 326 0 0 0 0 0 0 0 0 0 0 
653 1162 76 172 394 1162 76 1026 0 0 0 0 0 0 0 0 0 0 0 0 
994 522 876 1150 722 677 12 0 0 0 0 0 0 0 0 0 0 0 0 0 
35 828 660 937 1150 522 1184 1192 0 0 0 0 0 0 0 0 0 0 0 0 
1110 668 887 544 522 605 890 0 0 0 0 0 0 0 0 0 0 0 0 0 
877 862 522 1127 1147 668 590 0 0 0 0 0 0 0 0 0 0 0 0 0 
461 808 787 1174 113 152 0 0 0 0 0 0 0 0 0 0 0 0 0 0 
452 484 1147 837 1178 522 840 1150 806 1150 0 0 0 0 0 0 0 0 0 0 
917 870 152 769 152 846 417 0 0 0 0 0 0 0 0 0 0 0 0 0 
102 875 1147 1150 837 752 104 792 264 837 211 326 0 0 0 0 0 0 0 0 
1066 1162 204 241 1147 837 1192 211 134 0 0 0 0 0 0 0 0 0 0 0 
1117 828 932 1150 350 603 17 962 0 0 0 0 0 0 0 0 0 0 0 0 
374 828 406 1150 77 1192 396 984 0 0 0 0 0 0 0 0 0 0 0 0 
1106 396 401 492 492 689 1147 0 0 0 0 0 0 0 0 0 0 0 0 0 
291 1192 1033 589 1150 291 828 0 0 0 0 0 0 0 0 0 0 0 0 0 
49 152 264 1150 167 837 238 482 212 40 0 0 0 0 0 0 0 0 0 0 
238 482 212 40 40 349 1155 828 0 0 0 0 0 0 0 0 0 0 0 0 
212 40 40 349 1155 828 316 1147 0 0 0 0 0 0 0 0 0 0 0 0 
167 1150 1054 1192 431 670 354 396 465 981 1162 854 0 0 0 0 0 0 0 0 
1100 684 623 1192 1068 1194 0 0 0 0 0 0 0 0 0 0 0 0 0 0 
272 175 396 1075 1150 730 324 1102 0 0 0 0 0 0 0 0 0 0 0 0 
168 152 795 492 396 428 152 871 1051 854 0 0 0 0 0 0 0 0 0 0 
1051 854 406 188 143 326 1104 472 1150 0 0 0 0 0 0 0 0 0 0 0 
339 1192 705 1192 500 976 436 1192 0 0 0 0 0 0 0 0 0 0 0 0 
1139 326 1185 817 98 370 963 0 0 0 0 0 0 0 0 0 0 0 0 0 
354 128 807 890 302 396 384 972 0 0 0 0 0 0 0 0 0 0 0 0 
873 526 76 396 876 1150 602 0 0 0 0 0 0 0 0 0 0 0 0 0 
964 175 828 574 1147 492 447 0 0 0 0 0 0 0 0 0 0 0 0 0 
1054 476 837 1192 12 396 631 88 152 333 972 0 0 0 0 0 0 0 0 0 
366 603 152 154 173 1192 0 0 0 0 0 0 0 0 0 0 0 0 0 0 
274 1150 167 492 1147 377 1027 61 0 0 0 0 0 0 0 0 0 0 0 0 
628 396 459 876 810 833 809 236 1192 0 0 0 0 0 0 0 0 0 0 0 
761 17 380 1004 326 1029 152 0 0 0 0 0 0 0 0 0 0 0 0 0 
1051 686 522 1023 326 233 670 538 590 0 0 0 0 0 0 0 0 0 0 0 
604 828 914 1147 1150 522 136 1162 0 0 0 0 0 0 0 0 0 0 0 0 
1139 392 862 522 487 396 840 1150 418 0 0 0 0 0 0 0 0 0 0 0 
339 1192 123 62 326 1023 17 539 152 0 0 0 0 0 0 0 0 0 0 0 
341 326 78 669 1192 1142 522 0 0 0 0 0 0 0 0 0 0 0 0 0 
458 671 187 854 351 0 0 0 0 0 0 0 0 0 0 0 0 0 0 0 
697 128 1128 326 736 854 0 0 0 0 0 0 0 0 0 0 0 0 0 0 
32 734 726 1150 350 175 396 1149 12 0 0 0 0 0 0 0 0 0 0 0 
54 325 1026 951 302 0 0 0 0 0 0 0 0 0 0 0 0 0 0 0 
357 854 218 604 17 303 1147 0 0 0 0 0 0 0 0 0 0 0 0 0 
932 668 226 76 396 1017 951 972 837 0 0 0 0 0 0 0 0 0 0 0 
1117 828 1147 1150 350 175 396 876 218 0 0 0 0 0 0 0 0 0 0 0 
715 890 824 396 971 152 526 0 0 0 0 0 0 0 0 0 0 0 0 0 
783 86 1162 43 218 854 264 1150 350 0 0 0 0 0 0 0 0 0 0 0 
1149 1192 326 585 981 854 50 1150 167 0 0 0 0 0 0 0 0 0 0 0 
872 53 1118 133 114 942 1192 1139 392 0 0 0 0 0 0 0 0 0 0 0 
1147 1179 326 808 787 17 278 828 0 0 0 0 0 0 0 0 0 0 0 0 
638 226 76 396 1149 854 1140 972 0 0 0 0 0 0 0 0 0 0 0 0 
1138 376 88 1053 175 396 203 972 837 0 0 0 0 0 0 0 0 0 0 0 
951 114 661 302 828 313 214 1150 880 188 0 0 0 0 0 0 0 0 0 0 
656 1192 143 396 526 590 728 1147 0 0 0 0 0 0 0 0 0 0 0 0 
352 17 753 985 1150 101 12 0 0 0 0 0 0 0 0 0 0 0 0 0 
358 396 840 837 590 67 226 549 126 837 0 0 0 0 0 0 0 0 0 0 
837 396 541 326 541 17 1057 56 143 0 0 0 0 0 0 0 0 0 0 0 
511 632 152 326 1058 571 522 951 0 0 0 0 0 0 0 0 0 0 0 0 
135 754 744 837 436 1162 1192 33 141 0 0 0 0 0 0 0 0 0 0 0 
754 744 837 436 1162 1192 33 141 1172 634 0 0 0 0 0 0 0 0 0 0 
603 180 1147 1150 51 175 828 99 1147 0 0 0 0 0 0 0 0 0 0 0 
1139 392 862 522 1191 1127 1147 0 0 0 0 0 0 0 0 0 0 0 0 0 
275 828 966 175 396 203 459 0 0 0 0 0 0 0 0 0 0 0 0 0 
468 972 837 396 184 152 24 425 0 0 0 0 0 0 0 0 0 0 0 0 
492 591 1064 396 876 1150 450 854 0 0 0 0 0 0 0 0 0 0 0 0 
435 498 181 1150 1015 152 512 972 837 0 0 0 0 0 0 0 0 0 0 0 
1162 741 522 486 951 971 1192 0 0 0 0 0 0 0 0 0 0 0 0 0 
913 17 840 854 1025 295 1192 683 126 837 0 0 0 0 0 0 0 0 0 0 
23 951 492 590 433 408 0 0 0 0 0 0 0 0 0 0 0 0 0 0 
167 972 837 396 771 326 745 1150 379 0 0 0 0 0 0 0 0 0 0 0 
575 1064 522 876 9 571 1162 634 981 0 0 0 0 0 0 0 0 0 0 0 
701 1192 1139 828 964 175 522 203 0 0 0 0 0 0 0 0 0 0 0 0 
400 1192 1139 396 930 835 754 0 0 0 0 0 0 0 0 0 0 0 0 0 
366 1192 522 543 543 0 0 0 0 0 0 0 0 0 0 0 0 0 0 0 
692 837 12 396 760 973 326 0 0 0 0 0 0 0 0 0 0 0 0 0 
351 870 152 951 492 766 152 0 0 0 0 0 0 0 0 0 0 0 0 0 
870 152 951 492 766 152 497 972 837 0 0 0 0 0 0 0 0 0 0 0 
605 396 56 226 76 522 523 1150 167 0 0 0 0 0 0 0 0 0 0 0 
53 1064 1192 1030 854 436 17 937 318 0 0 0 0 0 0 0 0 0 0 0 
318 670 885 488 17 619 492 0 0 0 0 0 0 0 0 0 0 0 0 0 
1117 396 199 726 1150 167 837 590 214 152 0 0 0 0 0 0 0 0 0 0 
1094 152 235 277 280 746 128 0 0 0 0 0 0 0 0 0 0 0 0 0 
1159 1192 87 828 542 17 202 972 837 0 0 0 0 0 0 0 0 0 0 0 
162 152 326 58 1147 863 1162 226 107 0 0 0 0 0 0 0 0 0 0 0 
863 1162 226 107 17 318 1190 522 0 0 0 0 0 0 0 0 0 0 0 0 
914 828 1147 254 240 152 795 972 837 0 0 0 0 0 0 0 0 0 0 0 
546 152 642 972 837 396 1177 1162 226 76 396 0 0 0 0 0 0 0 0 0 
1177 1162 226 76 396 486 203 1150 167 1150 0 0 0 0 0 0 0 0 0 0 
357 828 406 1150 880 188 854 50 1150 167 0 0 0 0 0 0 0 0 0 0 
133 1091 837 225 326 37 0 0 0 0 0 0 0 0 0 0 0 0 0 0 
37 175 396 1075 637 1139 152 0 0 0 0 0 0 0 0 0 0 0 0 0 
175 396 1075 637 1139 152 512 972 837 0 0 0 0 0 0 0 0 0 0 0 
924 828 443 734 726 1150 350 506 0 0 0 0 0 0 0 0 0 0 0 0 
1139 890 862 522 486 951 101 0 0 0 0 0 0 0 0 0 0 0 0 0 
17 904 971 17 268 211 176 492 0 0 0 0 0 0 0 0 0 0 0 0 
188 686 152 294 1162 1192 396 917 0 0 0 0 0 0 0 0 0 0 0 0 
576 76 396 1149 1192 17 654 746 1147 1150 0 0 0 0 0 0 0 0 0 0 
128 175 396 876 473 1192 958 218 0 0 0 0 0 0 0 0 0 0 0 0 
32 734 284 590 302 732 152 326 0 0 0 0 0 0 0 0 0 0 0 0 
339 152 388 17 550 837 0 0 0 0 0 0 0 0 0 0 0 0 0 0 
910 396 1149 436 951 1122 696 0 0 0 0 0 0 0 0 0 0 0 0 0 
12 292 62 396 114 661 152 538 636 0 0 0 0 0 0 0 0 0 0 0 
62 396 114 661 152 538 636 981 854 38 0 0 0 0 0 0 0 0 0 0 
54 325 1026 1139 392 0 0 0 0 0 0 0 0 0 0 0 0 0 0 0 
1128 396 292 1162 854 1161 49 522 1147 492 0 0 0 0 0 0 0 0 0 0 
641 343 1150 167 277 920 952 88 729 0 0 0 0 0 0 0 0 0 0 0 
729 522 797 1051 931 152 663 1150 550 1150 0 0 0 0 0 0 0 0 0 0 
1020 854 707 726 837 1147 767 326 1143 1192 460 0 0 0 0 0 0 0 0 0 
376 1150 485 837 752 385 693 1051 172 854 0 0 0 0 0 0 0 0 0 0 
837 752 385 693 1051 172 854 1025 524 0 0 0 0 0 0 0 0 0 0 0 
1051 172 854 1025 524 152 522 925 837 0 0 0 0 0 0 0 0 0 0 0 
483 972 837 396 154 226 76 396 951 0 0 0 0 0 0 0 0 0 0 0 
1117 890 519 522 32 734 0 0 0 0 0 0 0 0 0 0 0 0 0 0 
246 152 846 818 396 1149 590 0 0 0 0 0 0 0 0 0 0 0 0 0 
951 468 492 396 489 1192 99 326 0 0 0 0 0 0 0 0 0 0 0 0 
196 392 862 17 522 301 600 1192 0 0 0 0 0 0 0 0 0 0 0 0 
1020 540 854 1029 126 837 1016 1192 0 0 0 0 0 0 0 0 0 0 0 0 
913 17 1010 1067 17 718 326 0 0 0 0 0 0 0 0 0 0 0 0 0 
1141 1192 143 326 462 854 1140 492 0 0 0 0 0 0 0 0 0 0 0 0 
1094 1192 864 1192 218 854 812 0 0 0 0 0 0 0 0 0 0 0 0 0 
1186 152 517 837 1031 396 637 603 152 0 0 0 0 0 0 0 0 0 0 0 
643 17 1052 854 46 1150 501 972 837 0 0 0 0 0 0 0 0 0 0 0 
345 828 46 1150 419 152 1175 44 1192 0 0 0 0 0 0 0 0 0 0 0 
1175 44 1192 431 1192 769 152 522 515 1172 0 0 0 0 0 0 0 0 0 0 
410 152 522 702 175 396 56 603 0 0 0 0 0 0 0 0 0 0 0 0 
1107 1192 94 717 396 346 175 0 0 0 0 0 0 0 0 0 0 0 0 0 
944 670 29 1150 522 894 677 636 0 0 0 0 0 0 0 0 0 0 0 0 
778 326 285 396 772 837 709 0 0 0 0 0 0 0 0 0 0 0 0 0 
726 837 572 152 1065 274 1150 887 672 522 0 0 0 0 0 0 0 0 0 0 
19 88 205 1150 411 1192 522 276 854 0 0 0 0 0 0 0 0 0 0 0 
88 205 1150 411 1192 522 276 854 1140 492 0 0 0 0 0 0 0 0 0 0 
528 17 1099 837 320 459 554 152 0 0 0 0 0 0 0 0 0 0 0 0 
139 1150 642 492 997 1192 603 152 642 0 0 0 0 0 0 0 0 0 0 0 
603 152 642 492 396 1177 17 535 12 0 0 0 0 0 0 0 0 0 0 0 
913 522 416 17 560 1150 0 0 0 0 0 0 0 0 0 0 0 0 0 0 
866 175 522 526 1147 635 128 175 522 0 0 0 0 0 0 0 0 0 0 0 
196 392 436 17 937 614 226 331 0 0 0 0 0 0 0 0 0 0 0 0 
715 522 526 590 614 218 152 279 919 152 0 0 0 0 0 0 0 0 0 0 
218 152 279 919 152 490 1147 937 1150 522 0 0 0 0 0 0 0 0 0 0 
196 76 396 171 17 167 1150 541 522 0 0 0 0 0 0 0 0 0 0 0 
209 264 1150 193 642 972 837 0 0 0 0 0 0 0 0 0 0 0 0 0 
886 310 152 264 1150 1150 986 0 0 0 0 0 0 0 0 0 0 0 0 0 
757 17 616 214 1150 167 277 0 0 0 0 0 0 0 0 0 0 0 0 0 
10 396 1051 1022 326 448 1123 492 0 0 0 0 0 0 0 0 0 0 0 0 
664 854 1092 845 929 492 584 198 0 0 0 0 0 0 0 0 0 0 0 0 
1166 17 1034 55 1162 1192 0 0 0 0 0 0 0 0 0 0 0 0 0 0 
315 227 1094 152 617 175 396 1092 0 0 0 0 0 0 0 0 0 0 0 0 
930 152 550 837 1031 396 637 854 1140 492 0 0 0 0 0 0 0 0 0 0 
1139 392 862 522 486 951 735 522 0 0 0 0 0 0 0 0 0 0 0 0 
341 326 388 17 694 128 0 0 0 0 0 0 0 0 0 0 0 0 0 0 
128 436 17 937 917 604 17 0 0 0 0 0 0 0 0 0 0 0 0 0 
862 522 233 491 522 673 1147 492 590 0 0 0 0 0 0 0 0 0 0 0 
603 1162 566 922 326 612 1051 603 152 0 0 0 0 0 0 0 0 0 0 0 
913 522 526 590 459 101 12 0 0 0 0 0 0 0 0 0 0 0 0 0 
453 203 492 1008 696 130 993 0 0 0 0 0 0 0 0 0 0 0 0 0 
1139 392 862 396 1127 1147 1150 167 1150 214 0 0 0 0 0 0 0 0 0 0 
405 522 71 175 937 342 152 0 0 0 0 0 0 0 0 0 0 0 0 0 
684 1192 1071 734 152 832 734 726 6 0 0 0 0 0 0 0 0 0 0 0 
229 522 654 703 1026 522 913 17 0 0 0 0 0 0 0 0 0 0 0 0 
1016 1192 1180 572 396 526 0 0 0 0 0 0 0 0 0 0 0 0 0 0 
1023 326 639 550 1150 522 1064 396 1149 12 0 0 0 0 0 0 0 0 0 0 
1094 1192 638 143 396 523 1150 167 0 0 0 0 0 0 0 0 0 0 0 0 
605 890 769 152 459 101 12 0 0 0 0 0 0 0 0 0 0 0 0 0 
1094 828 303 56 493 1162 636 0 0 0 0 0 0 0 0 0 0 0 0 0 
913 17 560 1150 167 1150 339 1192 0 0 0 0 0 0 0 0 0 0 0 0 
329 919 152 550 837 686 152 326 516 396 0 0 0 0 0 0 0 0 0 0 
734 726 1150 167 1150 876 1192 25 17 195 1150 0 0 0 0 0 0 0 0 0 
1061 754 1051 116 396 233 661 211 951 972 837 0 0 0 0 0 0 0 0 0 
486 1192 791 396 171 17 167 0 0 0 0 0 0 0 0 0 0 0 0 0 
675 459 1127 1147 1150 167 492 773 268 0 0 0 0 0 0 0 0 0 0 0 
863 1162 226 76 326 389 629 1172 634 0 0 0 0 0 0 0 0 0 0 0 
1139 396 13 540 128 175 522 951 0 0 0 0 0 0 0 0 0 0 0 0 
746 1147 1150 442 1147 972 837 396 671 0 0 0 0 0 0 0 0 0 0 0 
671 172 663 1150 350 684 326 70 396 0 0 0 0 0 0 0 0 0 0 0 
703 522 198 1150 459 101 12 0 0 0 0 0 0 0 0 0 0 0 0 0 
609 12 396 577 17 746 1147 1150 0 0 0 0 0 0 0 0 0 0 0 0 
332 327 684 890 1130 828 746 1147 1150 0 0 0 0 0 0 0 0 0 0 0 
1069 396 406 284 403 172 439 0 0 0 0 0 0 0 0 0 0 0 0 0 
486 1192 791 396 1173 0 0 0 0 0 0 0 0 0 0 0 0 0 0 0 
837 396 218 1192 362 623 396 586 1147 0 0 0 0 0 0 0 0 0 0 0 
527 1151 746 1147 985 264 1150 167 1150 0 0 0 0 0 0 0 0 0 0 0 
218 1162 590 971 152 51 360 101 12 0 0 0 0 0 0 0 0 0 0 0 
1101 326 741 273 62 0 0 0 0 0 0 0 0 0 0 0 0 0 0 0 
837 436 126 837 396 444 618 854 312 0 0 0 0 0 0 0 0 0 0 0 
995 1147 972 837 396 459 1081 1192 0 0 0 0 0 0 0 0 0 0 0 0 
422 919 152 330 768 488 17 172 0 0 0 0 0 0 0 0 0 0 0 0 
49 828 304 837 25 396 576 211 854 1140 972 0 0 0 0 0 0 0 0 0 
528 828 746 1147 1051 854 90 1051 695 0 0 0 0 0 0 0 0 0 0 0 
1128 152 770 1192 1002 0 0 0 0 0 0 0 0 0 0 0 0 0 0 0 
879 890 26 623 17 226 605 522 0 0 0 0 0 0 0 0 0 0 0 0 
605 522 324 1147 769 128 528 0 0 0 0 0 0 0 0 0 0 0 0 0 
17 92 706 396 1078 267 0 0 0 0 0 0 0 0 0 0 0 0 0 0 
474 1192 1117 396 840 1150 1150 944 0 0 0 0 0 0 0 0 0 0 0 0 
142 854 326 674 335 1162 1177 1162 0 0 0 0 0 0 0 0 0 0 0 0 
704 1192 212 849 522 369 0 0 0 0 0 0 0 0 0 0 0 0 0 0 
834 828 269 1150 350 172 854 402 1042 828 0 0 0 0 0 0 0 0 0 0 
350 172 854 402 1042 828 1074 1150 235 1150 0 0 0 0 0 0 0 0 0 0 
1117 1192 1038 1070 719 604 326 0 0 0 0 0 0 0 0 0 0 0 0 0 
191 226 196 588 339 1192 0 0 0 0 0 0 0 0 0 0 0 0 0 0 
128 175 522 951 605 17 846 175 522 0 0 0 0 0 0 0 0 0 0 0 
1147 1150 167 492 1111 17 326 327 1117 396 0 0 0 0 0 0 0 0 0 0 
143 218 828 914 436 17 75 396 0 0 0 0 0 0 0 0 0 0 0 0 
110 121 63 88 46 1150 118 972 0 0 0 0 0 0 0 0 0 0 0 0 
640 459 576 395 152 512 972 837 0 0 0 0 0 0 0 0 0 0 0 0 
1139 828 112 152 964 175 396 203 0 0 0 0 0 0 0 0 0 0 0 0 
426 152 846 854 969 1150 522 231 17 326 0 0 0 0 0 0 0 0 0 0 
341 326 27 152 550 837 396 678 0 0 0 0 0 0 0 0 0 0 0 0 
344 854 671 152 606 1061 837 1171 152 0 0 0 0 0 0 0 0 0 0 0 
382 218 12 773 289 17 454 17 522 0 0 0 0 0 0 0 0 0 0 0 
492 773 218 828 746 789 4 0 0 0 0 0 0 0 0 0 0 0 0 0 
746 152 522 101 12 218 604 152 0 0 0 0 0 0 0 0 0 0 0 0 
837 774 17 526 552 339 1192 500 17 0 0 0 0 0 0 0 0 0 0 0 
339 1192 500 17 526 917 0 0 0 0 0 0 0 0 0 0 0 0 0 0 
1139 890 741 396 1127 1147 0 0 0 0 0 0 0 0 0 0 0 0 0 0 
1149 1192 396 533 12 396 1010 522 0 0 0 0 0 0 0 0 0 0 0 0 
1010 522 414 152 654 1150 1057 1147 0 0 0 0 0 0 0 0 0 0 0 0 
1094 152 1061 277 406 188 143 292 0 0 0 0 0 0 0 0 0 0 0 0 
747 1192 592 17 571 396 765 1162 0 0 0 0 0 0 0 0 0 0 0 0 
560 1150 167 1150 1010 396 576 636 17 0 0 0 0 0 0 0 0 0 0 0 
796 540 1147 492 1147 684 152 913 854 0 0 0 0 0 0 0 0 0 0 0 
1127 1147 668 590 1064 326 1149 12 0 0 0 0 0 0 0 0 0 0 0 0 
1071 181 1150 998 152 326 900 1147 837 0 0 0 0 0 0 0 0 0 0 0 
198 152 326 34 392 588 1192 876 1192 226 0 0 0 0 0 0 0 0 0 0 
1139 392 862 522 769 828 128 320 0 0 0 0 0 0 0 0 0 0 0 0 
840 837 590 1193 152 1061 1150 214 1150 880 120 837 0 0 0 0 0 0 0 0 
1139 392 862 396 1018 734 726 1150 167 1150 0 0 0 0 0 0 0 0 0 0 
710 200 1072 216 522 951 492 396 481 0 0 0 0 0 0 0 0 0 0 0 
1015 152 326 675 1051 603 1162 49 396 1147 492 0 0 0 0 0 0 0 0 0 
359 492 1046 1192 1027 16 0 0 0 0 0 0 0 0 0 0 0 0 0 0 
218 1162 590 1064 1192 1071 734 152 578 1147 0 0 0 0 0 0 0 0 0 0 
858 152 522 244 1150 167 1150 1010 522 0 0 0 0 0 0 0 0 0 0 0 
763 396 579 734 726 157 763 522 0 0 0 0 0 0 0 0 0 0 0 0 
639 1061 1150 522 1064 396 876 1150 1016 1192 0 0 0 0 0 0 0 0 0 0 
479 522 11 972 837 773 115 0 0 0 0 0 0 0 0 0 0 0 0 0 
1139 890 741 152 941 522 0 0 0 0 0 0 0 0 0 0 0 0 0 0 
913 1192 213 396 951 1081 396 0 0 0 0 0 0 0 0 0 0 0 0 0 
1149 590 850 1093 479 522 0 0 0 0 0 0 0 0 0 0 0 0 0 0 
479 522 856 211 854 1140 492 0 0 0 0 0 0 0 0 0 0 0 0 0 
648 396 951 684 828 720 668 119 0 0 0 0 0 0 0 0 0 0 0 0 
684 828 720 668 119 152 522 466 492 1147 0 0 0 0 0 0 0 0 0 0 
486 1192 25 396 520 828 347 540 1147 0 0 0 0 0 0 0 0 0 0 0 
1039 1192 1186 152 526 917 0 0 0 0 0 0 0 0 0 0 0 0 0 0 
1189 72 396 529 1124 1162 924 0 0 0 0 0 0 0 0 0 0 0 0 0 
516 1192 477 1192 1079 1134 326 0 0 0 0 0 0 0 0 0 0 0 0 0 
1081 522 101 396 654 1150 567 837 1192 0 0 0 0 0 0 0 0 0 0 0 
198 1026 338 1150 742 1150 1020 972 837 0 0 0 0 0 0 0 0 0 0 0 
1139 392 862 522 565 951 972 837 0 0 0 0 0 0 0 0 0 0 0 0 
167 1051 590 468 909 854 1140 492 0 0 0 0 0 0 0 0 0 0 0 0 
837 396 155 837 143 828 1104 152 964 175 396 0 0 0 0 0 0 0 0 0 
1139 392 862 890 881 392 862 588 0 0 0 0 0 0 0 0 0 0 0 0 
879 522 526 1147 1185 431 333 492 0 0 0 0 0 0 0 0 0 0 0 0 
431 333 492 773 605 522 917 0 0 0 0 0 0 0 0 0 0 0 0 0 
576 218 326 1143 152 326 1051 634 644 1051 211 882 0 0 0 0 0 0 0 0 
957 837 923 1188 12 396 541 0 0 0 0 0 0 0 0 0 0 0 0 0 
1117 152 974 128 854 226 549 1162 175 0 0 0 0 0 0 0 0 0 0 0 
846 1038 326 302 564 17 379 0 0 0 0 0 0 0 0 0 0 0 0 0 
837 773 671 326 388 1192 573 1192 0 0 0 0 0 0 0 0 0 0 0 0 
198 152 326 941 588 522 951 492 1147 0 0 0 0 0 0 0 0 0 0 0 
637 695 1136 396 163 1150 0 0 0 0 0 0 0 0 0 0 0 0 0 0 
103 1178 60 870 152 526 0 0 0 0 0 0 0 0 0 0 0 0 0 0 
309 837 1171 1192 891 152 917 0 0 0 0 0 0 0 0 0 0 0 0 0 
197 81 1192 1139 12 854 977 1151 0 0 0 0 0 0 0 0 0 0 0 0 
971 152 557 875 211 1040 1077 167 492 773 773 286 0 0 0 0 0 0 0 0 
654 874 1193 326 307 396 923 0 0 0 0 0 0 0 0 0 0 0 0 0 
175 17 1193 214 277 1144 1082 1150 0 0 0 0 0 0 0 0 0 0 0 0 
981 854 688 47 1162 1192 211 854 570 738 214 152 0 0 0 0 0 0 0 0 
725 659 799 1094 1192 0 0 0 0 0 0 0 0 0 0 0 0 0 0 0 
883 734 828 47 88 152 437 218 0 0 0 0 0 0 0 0 0 0 0 0 
88 152 437 218 326 1143 152 1051 603 1162 49 396 0 0 0 0 0 0 0 0 
350 320 526 590 1008 455 1150 0 0 0 0 0 0 0 0 0 0 0 0 0 
596 588 1043 523 1150 167 492 773 329 0 0 0 0 0 0 0 0 0 0 0 
397 1192 295 522 302 828 777 175 396 203 0 0 0 0 0 0 0 0 0 0 
1010 1192 1176 396 884 726 492 353 0 0 0 0 0 0 0 0 0 0 0 0 
492 353 17 1064 522 1149 218 126 837 0 0 0 0 0 0 0 0 0 0 0 
15 152 326 226 76 522 486 274 1150 167 0 0 0 0 0 0 0 0 0 0 
746 1147 1150 167 492 396 459 888 572 0 0 0 0 0 0 0 0 0 0 0 
486 1192 1064 17 635 1147 1150 167 492 0 0 0 0 0 0 0 0 0 0 0 
937 1150 637 528 396 459 101 12 0 0 0 0 0 0 0 0 0 0 0 0 
1009 530 396 406 754 972 837 0 0 0 0 0 0 0 0 0 0 0 0 0 
1117 522 876 302 828 790 152 0 0 0 0 0 0 0 0 0 0 0 0 0 
605 522 1147 677 773 398 1054 1192 431 152 0 0 0 0 0 0 0 0 0 0 
196 392 862 396 1065 951 718 0 0 0 0 0 0 0 0 0 0 0 0 0 
748 17 605 270 845 201 0 0 0 0 0 0 0 0 0 0 0 0 0 0 
778 326 494 366 0 0 0 0 0 0 0 0 0 0 0 0 0 0 0 0 
1162 419 152 223 1187 530 828 0 0 0 0 0 0 0 0 0 0 0 0 0 
778 326 1003 172 1192 245 0 0 0 0 0 0 0 0 0 0 0 0 0 0 
17 419 1192 10 396 857 512 972 837 0 0 0 0 0 0 0 0 0 0 0 
604 152 265 396 203 1150 167 540 1147 1150 0 0 0 0 0 0 0 0 0 0 
1081 1192 1010 396 576 218 981 1162 854 0 0 0 0 0 0 0 0 0 0 0 
1010 396 576 218 981 1162 854 1140 972 0 0 0 0 0 0 0 0 0 0 0 
605 890 769 152 515 1172 634 126 0 0 0 0 0 0 0 0 0 0 0 0 
340 1192 218 917 917 0 0 0 0 0 0 0 0 0 0 0 0 0 0 0 
1149 152 522 714 88 218 1121 81 1192 0 0 0 0 0 0 0 0 0 0 0 
186 734 726 972 837 396 1023 778 326 0 0 0 0 0 0 0 0 0 0 0 
507 152 696 17 326 167 972 837 396 218 1192 0 0 0 0 0 0 0 0 0 
1023 436 17 1185 431 15 167 907 425 0 0 0 0 0 0 0 0 0 0 0 
296 152 980 816 396 951 0 0 0 0 0 0 0 0 0 0 0 0 0 0 
1010 396 576 590 302 732 152 522 0 0 0 0 0 0 0 0 0 0 0 0 
387 1150 350 590 459 101 12 0 0 0 0 0 0 0 0 0 0 0 0 0 
1139 392 862 828 610 214 1150 1181 0 0 0 0 0 0 0 0 0 0 0 0 
1162 858 396 274 1150 350 396 625 326 0 0 0 0 0 0 0 0 0 0 0 
1162 1050 522 414 152 692 837 0 0 0 0 0 0 0 0 0 0 0 0 0 
442 152 388 17 642 972 837 0 0 0 0 0 0 0 0 0 0 0 0 0 
775 128 1073 522 948 590 0 0 0 0 0 0 0 0 0 0 0 0 0 0 
410 152 854 233 211 152 372 1150 101 12 0 0 0 0 0 0 0 0 0 0 
383 522 876 414 152 765 17 0 0 0 0 0 0 0 0 0 0 0 0 0 
1182 890 410 17 522 654 545 218 0 0 0 0 0 0 0 0 0 0 0 0 
64 1192 679 172 915 17 0 0 0 0 0 0 0 0 0 0 0 0 0 0 
1139 828 214 540 1145 219 972 0 0 0 0 0 0 0 0 0 0 0 0 0 
1094 1192 864 152 795 1064 396 0 0 0 0 0 0 0 0 0 0 0 0 0 
1139 828 46 1150 167 744 837 1192 12 396 0 0 0 0 0 0 0 0 0 0 
167 744 837 1192 12 396 218 152 189 837 0 0 0 0 0 0 0 0 0 0 
46 837 590 626 1192 1147 1051 143 522 467 0 0 0 0 0 0 0 0 0 0 
547 1192 1050 396 692 837 0 0 0 0 0 0 0 0 0 0 0 0 0 0 
1081 1192 101 396 654 1150 1094 828 0 0 0 0 0 0 0 0 0 0 0 0 
893 17 1064 396 1149 854 234 845 218 0 0 0 0 0 0 0 0 0 0 0 
339 1192 864 1192 1194 0 0 0 0 0 0 0 0 0 0 0 0 0 0 0 
610 1162 320 152 708 726 837 1062 0 0 0 0 0 0 0 0 0 0 0 0 
665 1150 350 917 917 0 0 0 0 0 0 0 0 0 0 0 0 0 0 0 
302 367 583 828 57 845 386 0 0 0 0 0 0 0 0 0 0 0 0 0 
10 396 965 1192 828 720 1150 350 478 396 0 0 0 0 0 0 0 0 0 0 
1192 828 720 1150 350 478 396 137 1150 167 0 0 0 0 0 0 0 0 0 0 
1162 302 828 475 116 396 1149 49 396 0 0 0 0 0 0 0 0 0 0 0 
1094 1192 615 17 526 917 0 0 0 0 0 0 0 0 0 0 0 0 0 0 
951 378 16 1192 749 396 258 0 0 0 0 0 0 0 0 0 0 0 0 0 
1120 396 239 152 1154 0 0 0 0 0 0 0 0 0 0 0 0 0 0 0 
746 128 1064 522 712 492 259 89 0 0 0 0 0 0 0 0 0 0 0 0 
132 972 837 590 1083 396 746 128 0 0 0 0 0 0 0 0 0 0 0 0 
1032 277 243 152 242 1150 852 987 0 0 0 0 0 0 0 0 0 0 0 0 
261 828 334 152 1147 1150 645 175 828 0 0 0 0 0 0 0 0 0 0 0 
1139 392 862 522 1127 1147 1150 972 837 0 0 0 0 0 0 0 0 0 0 0 
96 890 21 172 1192 364 1192 0 0 0 0 0 0 0 0 0 0 0 0 0 
339 1192 864 17 447 0 0 0 0 0 0 0 0 0 0 0 0 0 0 0 
917 12 396 771 17 326 262 0 0 0 0 0 0 0 0 0 0 0 0 0 
1139 828 964 1047 459 101 12 0 0 0 0 0 0 0 0 0 0 0 0 0 
17 937 1150 522 785 17 561 595 0 0 0 0 0 0 0 0 0 0 0 0 
159 1150 486 1192 148 396 274 1150 167 0 0 0 0 0 0 0 0 0 0 0 
837 773 1145 758 152 1023 17 333 267 0 0 0 0 0 0 0 0 0 0 0 
181 88 1090 181 88 74 1162 218 17 76 0 0 0 0 0 0 0 0 0 0 
685 454 670 538 854 1140 492 0 0 0 0 0 0 0 0 0 0 0 0 0 
1139 1192 164 522 989 17 638 0 0 0 0 0 0 0 0 0 0 0 0 0 
1094 1192 646 17 966 175 396 203 0 0 0 0 0 0 0 0 0 0 0 0 
455 1150 492 339 152 550 837 1171 0 0 0 0 0 0 0 0 0 0 0 0 
661 522 169 323 746 165 17 522 0 0 0 0 0 0 0 0 0 0 0 0 
620 152 908 1192 396 637 854 1140 492 0 0 0 0 0 0 0 0 0 0 0 
1139 890 862 522 486 951 20 152 0 0 0 0 0 0 0 0 0 0 0 0 
960 17 522 951 868 101 12 0 0 0 0 0 0 0 0 0 0 0 0 0 
611 1150 129 172 605 522 0 0 0 0 0 0 0 0 0 0 0 0 0 0 
971 152 896 875 211 1162 854 1008 468 492 0 0 0 0 0 0 0 0 0 0 
769 128 320 522 1041 1127 1147 0 0 0 0 0 0 0 0 0 0 0 0 0 
605 326 218 17 336 981 854 1140 0 0 0 0 0 0 0 0 0 0 0 0 
412 396 203 837 590 642 972 837 80 0 0 0 0 0 0 0 0 0 0 0 
167 1150 354 128 152 326 101 981 854 1140 0 0 0 0 0 0 0 0 0 0 
983 970 862 396 65 17 671 152 0 0 0 0 0 0 0 0 0 0 0 0 
981 854 47 972 837 773 454 670 951 492 41 0 0 0 0 0 0 0 0 0 
47 972 837 773 454 670 951 492 41 773 207 0 0 0 0 0 0 0 0 0 
164 1192 226 147 396 387 1150 0 0 0 0 0 0 0 0 0 0 0 0 0 
879 152 621 1162 590 1139 152 0 0 0 0 0 0 0 0 0 0 0 0 0 
526 55 17 901 396 551 152 217 0 0 0 0 0 0 0 0 0 0 0 0 
913 1192 218 17 339 340 1192 0 0 0 0 0 0 0 0 0 0 0 0 0 
605 854 812 845 106 355 126 837 0 0 0 0 0 0 0 0 0 0 0 0 
17 904 252 828 218 17 128 0 0 0 0 0 0 0 0 0 0 0 0 0 
1010 522 637 1147 1130 1192 131 0 0 0 0 0 0 0 0 0 0 0 0 0 
936 867 933 1026 539 152 1175 492 0 0 0 0 0 0 0 0 0 0 0 0 
933 1026 539 152 1175 492 917 0 0 0 0 0 0 0 0 0 0 0 0 0 
804 152 1005 396 840 837 431 152 0 0 0 0 0 0 0 0 0 0 0 0 
1064 326 157 679 17 522 1149 12 0 0 0 0 0 0 0 0 0 0 0 0 
220 522 1075 1150 532 1192 943 0 0 0 0 0 0 0 0 0 0 0 0 0 
837 1192 12 396 1191 101 17 578 0 0 0 0 0 0 0 0 0 0 0 0 
60 1192 746 326 542 505 12 0 0 0 0 0 0 0 0 0 0 0 0 0 
1139 396 1043 782 1150 350 1195 0 0 0 0 0 0 0 0 0 0 0 0 0 
887 874 373 326 1064 396 1149 12 0 0 0 0 0 0 0 0 0 0 0 0 
256 734 726 1150 1037 218 152 621 1147 0 0 0 0 0 0 0 0 0 0 0 
887 23 1117 522 327 32 734 0 0 0 0 0 0 0 0 0 0 0 0 0 
612 1051 603 152 750 828 1147 1150 645 1192 0 0 0 0 0 0 0 0 0 0 
341 326 848 152 681 1139 828 0 0 0 0 0 0 0 0 0 0 0 0 0 
1139 828 930 152 642 972 837 1103 1021 1192 0 0 0 0 0 0 0 0 0 0 
855 152 326 593 862 1192 716 0 0 0 0 0 0 0 0 0 0 0 0 0 
879 17 721 828 316 1147 0 0 0 0 0 0 0 0 0 0 0 0 0 0 
800 1192 1171 152 805 889 837 1192 676 1192 0 0 0 0 0 0 0 0 0 0 
45 828 316 1147 837 1192 12 396 255 0 0 0 0 0 0 0 0 0 0 0 
293 248 349 349 1155 828 1196 1147 0 0 0 0 0 0 0 0 0 0 0 0 
1054 17 1143 1192 636 152 354 1147 251 837 0 0 0 0 0 0 0 0 0 0 
374 890 415 588 828 218 870 17 0 0 0 0 0 0 0 0 0 0 0 0 
711 1192 1171 326 428 152 218 152 550 0 0 0 0 0 0 0 0 0 0 0 
913 17 703 152 846 1192 522 101 0 0 0 0 0 0 0 0 0 0 0 0 
442 326 719 17 990 1048 731 0 0 0 0 0 0 0 0 0 0 0 0 0 
175 1192 526 25 326 101 152 558 396 0 0 0 0 0 0 0 0 0 0 0 
170 1192 658 528 81 550 837 603 12 0 0 0 0 0 0 0 0 0 0 0 
869 655 152 825 30 828 138 1147 0 0 0 0 0 0 0 0 0 0 0 0 
317 326 819 152 326 539 396 947 0 0 0 0 0 0 0 0 0 0 0 0 
539 396 947 1172 634 396 79 281 1192 0 0 0 0 0 0 0 0 0 0 0 
42 152 526 52 828 880 1150 495 0 0 0 0 0 0 0 0 0 0 0 0 
840 837 590 15 828 440 1147 1150 972 837 0 0 0 0 0 0 0 0 0 0 
69 203 492 1147 940 522 114 738 226 0 0 0 0 0 0 0 0 0 0 0 
210 12 773 339 1192 1186 854 0 0 0 0 0 0 0 0 0 0 0 0 0 
339 1192 1186 854 988 218 1162 590 0 0 0 0 0 0 0 0 0 0 0 0 
516 1192 1111 17 326 327 136 1162 0 0 0 0 0 0 0 0 0 0 0 0 
691 1095 248 349 1155 1080 83 211 1162 0 0 0 0 0 0 0 0 0 0 0 
228 1192 396 299 662 837 1085 854 0 0 0 0 0 0 0 0 0 0 0 0 
842 1026 100 396 526 1192 522 101 0 0 0 0 0 0 0 0 0 0 0 0 
1094 81 1115 837 590 1054 152 631 0 0 0 0 0 0 0 0 0 0 0 0 
159 1150 297 310 1162 218 126 837 0 0 0 0 0 0 0 0 0 0 0 0 
913 17 1010 203 1150 101 12 0 0 0 0 0 0 0 0 0 0 0 0 0 
1139 392 862 522 1177 1162 115 1192 0 0 0 0 0 0 0 0 0 0 0 0 
1095 827 1076 126 837 396 1125 522 0 0 0 0 0 0 0 0 0 0 0 0 
1081 1192 229 522 22 101 126 0 0 0 0 0 0 0 0 0 0 0 0 0 
806 1150 887 492 773 302 732 152 522 0 0 0 0 0 0 0 0 0 0 0 
492 773 302 732 152 522 637 12 773 410 0 0 0 0 0 0 0 0 0 0 
975 17 206 709 396 951 972 837 0 0 0 0 0 0 0 0 0 0 0 0 
598 1075 972 837 773 341 813 0 0 0 0 0 0 0 0 0 0 0 0 0 
902 152 1130 828 746 1075 972 837 0 0 0 0 0 0 0 0 0 0 0 0 
605 522 1139 348 828 1169 1192 522 0 0 0 0 0 0 0 0 0 0 0 0 
935 215 773 95 1139 522 0 0 0 0 0 0 0 0 0 0 0 0 0 0 
420 152 951 492 773 1101 396 209 0 0 0 0 0 0 0 0 0 0 0 0 
1045 1192 218 854 149 1150 289 981 854 0 0 0 0 0 0 0 0 0 0 0 
1138 376 88 152 866 175 396 1075 972 837 0 0 0 0 0 0 0 0 0 0 
56 218 12 773 438 733 828 1168 17 880 0 0 0 0 0 0 0 0 0 0 
550 1150 167 972 837 396 1049 207 546 152 0 0 0 0 0 0 0 0 0 0 
277 535 17 1131 677 594 396 0 0 0 0 0 0 0 0 0 0 0 0 0 
273 828 346 226 76 890 103 0 0 0 0 0 0 0 0 0 0 0 0 0 
605 1147 985 1083 1192 418 1162 76 0 0 0 0 0 0 0 0 0 0 0 0 
381 1051 603 1162 5 999 17 0 0 0 0 0 0 0 0 0 0 0 0 0 
638 226 769 522 698 734 726 1150 492 0 0 0 0 0 0 0 0 0 0 0 
571 1123 15 152 470 372 1150 637 0 0 0 0 0 0 0 0 0 0 0 0 
1010 522 1147 985 1041 101 12 0 0 0 0 0 0 0 0 0 0 0 0 0 
846 991 152 388 152 190 972 837 0 0 0 0 0 0 0 0 0 0 0 0 
508 396 1191 696 17 167 972 837 396 0 0 0 0 0 0 0 0 0 0 0 
272 175 396 203 1150 414 152 946 1172 634 0 0 0 0 0 0 0 0 0 0 
1153 193 917 0 0 0 0 0 0 0 0 0 0 0 0 0 0 0 0 0 
951 1011 302 966 175 396 203 0 0 0 0 0 0 0 0 0 0 0 0 0 
349 1155 17 502 46 1150 829 828 0 0 0 0 0 0 0 0 0 0 0 0 
949 267 126 837 396 434 476 837 590 0 0 0 0 0 0 0 0 0 0 0 
264 1150 887 1138 1147 1051 603 152 264 0 0 0 0 0 0 0 0 0 0 0 
1084 667 418 1162 590 576 814 126 0 0 0 0 0 0 0 0 0 0 0 0 
1111 17 326 1117 522 327 199 726 0 0 0 0 0 0 0 0 0 0 0 0 
838 1051 1105 1162 808 12 559 0 0 0 0 0 0 0 0 0 0 0 0 0 
35 17 409 828 488 17 350 1064 396 0 0 0 0 0 0 0 0 0 0 0 
1126 1150 411 221 326 526 211 854 1140 492 0 0 0 0 0 0 0 0 0 0 
1023 17 1070 539 152 780 1051 14 348 828 0 0 0 0 0 0 0 0 0 0 
539 152 780 1051 14 348 828 562 1150 0 0 0 0 0 0 0 0 0 0 0 
15 326 639 404 522 459 289 12 0 0 0 0 0 0 0 0 0 0 0 0 
486 1192 1139 862 890 351 0 0 0 0 0 0 0 0 0 0 0 0 0 0 
1149 590 803 101 12 773 208 0 0 0 0 0 0 0 0 0 0 0 0 0 
1010 396 576 590 1008 746 1147 1150 0 0 0 0 0 0 0 0 0 0 0 0 
786 1006 854 1147 837 442 1147 188 686 326 0 0 0 0 0 0 0 0 0 0 
1006 854 1147 837 442 1147 188 686 326 526 0 0 0 0 0 0 0 0 0 0 
723 854 226 76 396 1127 1147 668 590 0 0 0 0 0 0 0 0 0 0 0 
339 326 1055 1192 298 1162 0 0 0 0 0 0 0 0 0 0 0 0 0 0 
1147 1150 167 492 741 396 136 1162 0 0 0 0 0 0 0 0 0 0 0 0 
1167 1192 815 17 106 854 0 0 0 0 0 0 0 0 0 0 0 0 0 0 
513 1192 534 862 152 642 972 837 0 0 0 0 0 0 0 0 0 0 0 0 
633 675 457 956 1007 1147 0 0 0 0 0 0 0 0 0 0 0 0 0 0 
1007 1147 605 563 203 837 1047 0 0 0 0 0 0 0 0 0 0 0 0 0 
59 1038 152 326 1064 1192 1071 734 152 995 1147 0 0 0 0 0 0 0 0 0 
1064 1192 1071 734 152 995 1147 972 837 249 0 0 0 0 0 0 0 0 0 0 
1143 1192 218 854 263 734 959 396 917 0 0 0 0 0 0 0 0 0 0 0 
60 17 940 828 406 837 1148 152 846 0 0 0 0 0 0 0 0 0 0 0 
374 1192 713 152 940 828 784 413 0 0 0 0 0 0 0 0 0 0 0 0 
594 396 496 981 854 47 972 0 0 0 0 0 0 0 0 0 0 0 0 0 
128 675 845 1023 828 960 152 1147 188 12 0 0 0 0 0 0 0 0 0 0 
984 128 1171 1192 977 828 930 972 837 0 0 0 0 0 0 0 0 0 0 0 
128 175 396 1149 590 301 1038 326 218 0 0 0 0 0 0 0 0 0 0 0 
218 761 1192 158 371 152 0 0 0 0 0 0 0 0 0 0 0 0 0 0 
1139 392 862 522 1127 1147 1150 167 492 0 0 0 0 0 0 0 0 0 0 0 
1147 1150 647 837 1192 396 944 17 926 0 0 0 0 0 0 0 0 0 0 0 
926 981 854 917 841 152 0 0 0 0 0 0 0 0 0 0 0 0 0 0 
277 563 746 1147 985 988 237 875 0 0 0 0 0 0 0 0 0 0 0 0 
223 972 837 773 773 917 326 1139 396 0 0 0 0 0 0 0 0 0 0 0 
1139 828 346 226 76 522 1065 951 0 0 0 0 0 0 0 0 0 0 0 0 
911 1150 226 76 522 876 1150 105 0 0 0 0 0 0 0 0 0 0 0 0 
1192 1151 652 101 17 535 17 339 0 0 0 0 0 0 0 0 0 0 0 0 
951 671 1162 1047 92 822 1192 0 0 0 0 0 0 0 0 0 0 0 0 0 
822 1192 503 121 828 1139 152 0 0 0 0 0 0 0 0 0 0 0 0 0 
342 152 18 1147 1150 1012 828 1163 376 0 0 0 0 0 0 0 0 0 0 0 
1149 590 690 1171 326 746 1147 1150 0 0 0 0 0 0 0 0 0 0 0 0 
988 116 396 876 160 1192 1113 0 0 0 0 0 0 0 0 0 0 0 0 0 
66 1162 226 76 396 486 830 972 0 0 0 0 0 0 0 0 0 0 0 0 
998 1147 1150 917 604 17 0 0 0 0 0 0 0 0 0 0 0 0 0 0 
840 1150 1185 431 601 1150 522 946 1051 12 41 0 0 0 0 0 0 0 0 0 
879 1192 499 152 526 481 326 0 0 0 0 0 0 0 0 0 0 0 0 0 
878 1150 167 1051 84 890 1086 0 0 0 0 0 0 0 0 0 0 0 0 0 
680 828 1164 739 152 272 175 396 203 0 0 0 0 0 0 0 0 0 0 0 
167 1150 691 423 396 53 1064 695 0 0 0 0 0 0 0 0 0 0 0 0 
746 128 1192 12 396 541 522 637 211 1162 854 0 0 0 0 0 0 0 0 0 
88 657 1087 152 1 88 152 894 0 0 0 0 0 0 0 0 0 0 0 0 
1095 349 1185 248 207 152 550 837 1171 430 0 0 0 0 0 0 0 0 0 0 
648 396 951 311 854 1192 998 0 0 0 0 0 0 0 0 0 0 0 0 0 
273 392 862 396 486 387 1150 0 0 0 0 0 0 0 0 0 0 0 0 0 
992 1192 25 522 486 463 492 0 0 0 0 0 0 0 0 0 0 0 0 0 
1154 1147 1150 464 522 209 0 0 0 0 0 0 0 0 0 0 0 0 0 0 
1154 1147 837 917 917 0 0 0 0 0 0 0 0 0 0 0 0 0 0 0 
1056 152 326 144 890 1019 588 0 0 0 0 0 0 0 0 0 0 0 0 0 
1081 1192 624 17 522 1122 101 12 0 0 0 0 0 0 0 0 0 0 0 0 
136 1162 892 1130 828 272 175 396 0 0 0 0 0 0 0 0 0 0 0 0 
136 1162 791 890 699 0 0 0 0 0 0 0 0 0 0 0 0 0 0 0 
913 890 192 522 951 459 0 0 0 0 0 0 0 0 0 0 0 0 0 0 
487 526 218 17 1035 290 152 1012 0 0 0 0 0 0 0 0 0 0 0 0 
913 890 192 522 537 1147 0 0 0 0 0 0 0 0 0 0 0 0 0 0 
1154 734 726 837 793 522 951 535 0 0 0 0 0 0 0 0 0 0 0 0 
244 1150 350 590 459 101 12 0 0 0 0 0 0 0 0 0 0 0 0 0 
783 86 1162 1000 862 396 274 1150 167 0 0 0 0 0 0 0 0 0 0 0 
550 668 1192 12 396 341 1192 326 874 0 0 0 0 0 0 0 0 0 0 0 
145 1150 319 1064 326 167 1172 634 126 837 590 0 0 0 0 0 0 0 0 0 
209 839 837 917 0 0 0 0 0 0 0 0 0 0 0 0 0 0 0 0 
1081 152 101 981 743 854 1140 972 0 0 0 0 0 0 0 0 0 0 0 0 
843 854 107 152 85 726 837 396 682 0 0 0 0 0 0 0 0 0 0 0 
837 396 682 407 140 396 597 111 0 0 0 0 0 0 0 0 0 0 0 0 
932 837 104 2 1192 905 1165 828 0 0 0 0 0 0 0 0 0 0 0 0 
905 1165 828 553 762 862 152 85 0 0 0 0 0 0 0 0 0 0 0 0 
862 152 85 726 1150 316 1147 837 396 1152 0 0 0 0 0 0 0 0 0 0 
526 175 17 997 1064 17 1013 1150 167 0 0 0 0 0 0 0 0 0 0 0 
1094 1192 864 17 442 152 0 0 0 0 0 0 0 0 0 0 0 0 0 0 
746 734 726 837 25 1149 854 359 492 0 0 0 0 0 0 0 0 0 0 0 
164 1192 226 76 396 486 274 1150 167 0 0 0 0 0 0 0 0 0 0 0 
831 1192 287 152 746 734 376 1150 485 0 0 0 0 0 0 0 0 0 0 0 
605 326 153 942 17 1024 1051 0 0 0 0 0 0 0 0 0 0 0 0 0 
776 727 1192 257 152 881 392 0 0 0 0 0 0 0 0 0 0 0 0 0 
1063 951 492 396 1121 1192 115 396 0 0 0 0 0 0 0 0 0 0 0 0 
1139 326 454 670 1023 17 945 492 0 0 0 0 0 0 0 0 0 0 0 0 
18 1147 1150 887 1021 172 410 17 1192 0 0 0 0 0 0 0 0 0 0 0 
836 1051 1130 396 876 1130 418 0 0 0 0 0 0 0 0 0 0 0 0 0 
1149 590 388 152 422 919 152 0 0 0 0 0 0 0 0 0 0 0 0 0 
348 588 396 316 1075 1150 101 12 0 0 0 0 0 0 0 0 0 0 0 0 
638 226 76 522 486 951 492 1147 0 0 0 0 0 0 0 0 0 0 0 0 
605 522 366 1192 211 3 0 0 0 0 0 0 0 0 0 0 0 0 0 0 
366 1192 211 3 3 0 0 0 0 0 0 0 0 0 0 0 0 0 0 0 
36 396 951 897 152 630 17 350 0 0 0 0 0 0 0 0 0 0 0 0 
778 326 374 828 328 1028 361 441 0 0 0 0 0 0 0 0 0 0 0 0 
926 981 854 153 828 109 1192 396 0 0 0 0 0 0 0 0 0 0 0 0 
272 175 396 203 1150 1027 396 568 17 0 0 0 0 0 0 0 0 0 0 0 
802 167 972 837 259 218 1192 15 152 851 0 0 0 0 0 0 0 0 0 0 
427 396 984 1147 1150 167 1150 587 1038 0 0 0 0 0 0 0 0 0 0 0 
88 1015 152 512 152 51 172 759 0 0 0 0 0 0 0 0 0 0 0 0 
1139 392 862 522 486 951 492 1147 0 0 0 0 0 0 0 0 0 0 0 0 
1101 152 264 1150 350 590 486 1192 0 0 0 0 0 0 0 0 0 0 0 0 
862 396 772 504 734 726 1150 226 605 1147 0 0 0 0 0 0 0 0 0 0 
153 828 982 649 82 0 0 0 0 0 0 0 0 0 0 0 0 0 0 0 
1137 1038 152 280 1137 0 0 0 0 0 0 0 0 0 0 0 0 0 0 0 
1121 17 522 1130 828 178 1150 823 972 837 0 0 0 0 0 0 0 0 0 0 
971 152 846 1192 522 1081 1192 1096 854 988 0 0 0 0 0 0 0 0 0 0 
950 396 350 928 152 326 99 1147 0 0 0 0 0 0 0 0 0 0 0 0 
915 1192 1064 17 635 1147 1150 167 492 0 0 0 0 0 0 0 0 0 0 0 
913 890 447 17 326 642 909 0 0 0 0 0 0 0 0 0 0 0 0 0 
862 522 1147 1150 350 854 764 17 865 734 0 0 0 0 0 0 0 0 0 0 
751 25 17 325 1026 806 1150 0 0 0 0 0 0 0 0 0 0 0 0 0 
734 726 1150 350 603 17 1191 289 12 0 0 0 0 0 0 0 0 0 0 0 
136 152 1057 56 989 525 396 0 0 0 0 0 0 0 0 0 0 0 0 0 
859 1192 1139 76 522 951 459 0 0 0 0 0 0 0 0 0 0 0 0 0 
17 266 1162 218 17 746 1147 677 854 0 0 0 0 0 0 0 0 0 0 0 
1097 522 753 985 1150 101 12 0 0 0 0 0 0 0 0 0 0 0 0 0 
913 522 526 590 1122 101 126 0 0 0 0 0 0 0 0 0 0 0 0 0 
218 1014 522 806 1150 167 837 1192 396 576 854 0 0 0 0 0 0 0 0 0 
806 1150 167 837 1192 396 576 854 1140 492 0 0 0 0 0 0 0 0 0 0 
143 306 114 661 406 188 143 828 964 0 0 0 0 0 0 0 0 0 0 0 
288 406 188 143 828 964 175 396 1075 0 0 0 0 0 0 0 0 0 0 0 
167 1150 1008 608 17 326 91 1051 0 0 0 0 0 0 0 0 0 0 0 0 
569 972 837 396 39 1051 143 396 0 0 0 0 0 0 0 0 0 0 0 0 
1051 143 396 951 860 152 161 1147 0 0 0 0 0 0 0 0 0 0 0 0 
1139 392 862 588 522 951 101 126 0 0 0 0 0 0 0 0 0 0 0 0 
300 934 152 7 396 1127 1147 1150 167 972 0 0 0 0 0 0 0 0 0 0 
983 970 862 152 177 972 837 773 341 0 0 0 0 0 0 0 0 0 0 0 
509 76 828 536 175 396 203 972 837 0 0 0 0 0 0 0 0 0 0 0 
34 392 890 741 396 1127 1147 0 0 0 0 0 0 0 0 0 0 0 0 0 
339 1192 143 396 610 569 492 0 0 0 0 0 0 0 0 0 0 0 0 0 
456 152 514 152 1119 396 0 0 0 0 0 0 0 0 0 0 0 0 0 0 
887 722 985 1191 101 12 0 0 0 0 0 0 0 0 0 0 0 0 0 0 
912 592 1192 571 522 32 1147 1150 167 972 0 0 0 0 0 0 0 0 0 0 
117 518 218 854 516 1111 126 0 0 0 0 0 0 0 0 0 0 0 0 0 
486 1192 76 396 274 1150 167 1150 1130 0 0 0 0 0 0 0 0 0 0 0 
781 498 181 1150 1116 895 744 0 0 0 0 0 0 0 0 0 0 0 0 0 
585 12 396 1139 727 152 326 0 0 0 0 0 0 0 0 0 0 0 0 0 
737 1192 977 326 459 31 726 0 0 0 0 0 0 0 0 0 0 0 0 0 
899 152 294 1147 188 12 773 198 0 0 0 0 0 0 0 0 0 0 0 0 
594 522 753 390 837 1147 1064 522 0 0 0 0 0 0 0 0 0 0 0 0 
605 890 769 322 1044 454 0 0 0 0 0 0 0 0 0 0 0 0 0 0 
224 516 1111 152 337 734 726 972 837 0 0 0 0 0 0 0 0 0 0 0 
222 890 1132 588 522 820 1150 350 0 0 0 0 0 0 0 0 0 0 0 0 
391 436 840 1150 858 522 289 981 1147 0 0 0 0 0 0 0 0 0 0 0 
603 1162 127 670 230 396 289 17 124 396 0 0 0 0 0 0 0 0 0 0 
153 152 424 481 396 951 1008 0 0 0 0 0 0 0 0 0 0 0 0 0 
677 590 998 152 522 746 1147 1150 0 0 0 0 0 0 0 0 0 0 0 0 
1064 1192 1071 734 854 498 111 1150 971 152 233 0 0 0 0 0 0 0 0 0 
1130 418 1162 590 556 326 718 12 0 0 0 0 0 0 0 0 0 0 0 0 
447 388 1192 218 396 951 0 0 0 0 0 0 0 0 0 0 0 0 0 0 
621 1147 668 590 459 101 12 0 0 0 0 0 0 0 0 0 0 0 0 0 
775 128 1073 522 272 175 396 0 0 0 0 0 0 0 0 0 0 0 0 0 
993 1192 226 76 396 486 274 1150 167 0 0 0 0 0 0 0 0 0 0 0 
734 396 47 754 492 396 227 672 522 1165 0 0 0 0 0 0 0 0 0 0 
442 17 1036 1051 1192 396 917 0 0 0 0 0 0 0 0 0 0 0 0 0 
399 1192 671 26 326 382 0 0 0 0 0 0 0 0 0 0 0 0 0 0 
794 540 1147 1150 1150 522 631 88 152 354 203 0 0 0 0 0 0 0 0 0 
321 1192 1108 396 840 540 1147 1150 166 0 0 0 0 0 0 0 0 0 0 0 
692 837 12 396 1170 396 580 937 0 0 0 0 0 0 0 0 0 0 0 0 
801 1147 1150 51 917 917 0 0 0 0 0 0 0 0 0 0 0 0 0 0 
746 128 175 152 264 1150 167 837 590 642 0 0 0 0 0 0 0 0 0 0 
52 828 135 1150 581 1192 99 0 0 0 0 0 0 0 0 0 0 0 0 0 
535 126 837 73 921 622 152 671 0 0 0 0 0 0 0 0 0 0 0 0 
356 1147 1150 492 73 1139 828 930 152 1001 0 0 0 0 0 0 0 0 0 0 
167 1150 459 1057 1147 972 837 773 773 773 250 152 0 0 0 0 0 0 0 0 
93 152 988 1192 17 326 1051 211 854 356 1147 1150 0 0 0 0 0 0 0 0 
988 1192 17 326 1051 211 854 356 1147 1150 167 492 0 0 0 0 0 0 0 0 
426 326 672 828 847 152 309 1150 0 0 0 0 0 0 0 0 0 0 0 0 
879 890 1059 396 274 668 1156 588 0 0 0 0 0 0 0 0 0 0 0 0 
988 436 17 937 374 152 1139 152 0 0 0 0 0 0 0 0 0 0 0 0 
1094 828 898 56 1192 17 326 1051 0 0 0 0 0 0 0 0 0 0 0 0 
930 68 264 1150 350 590 917 0 0 0 0 0 0 0 0 0 0 0 0 0 
841 1192 582 326 171 644 875 0 0 0 0 0 0 0 0 0 0 0 0 0 
1197 476 837 752 393 469 0 0 0 0 0 0 0 0 0 0 0 0 0 0 
442 1192 1171 326 1010 28 1192 0 0 0 0 0 0 0 0 0 0 0 0 0 
846 232 152 801 1147 1150 350 49 396 1147 492 0 0 0 0 0 0 0 0 0 
955 837 12 773 250 152 526 26 0 0 0 0 0 0 0 0 0 0 0 0 
1157 967 1192 1052 828 139 1150 642 972 837 0 0 0 0 0 0 0 0 0 0 
88 146 214 1150 961 675 445 650 0 0 0 0 0 0 0 0 0 0 0 0 
273 828 247 1150 1023 17 1043 211 861 0 0 0 0 0 0 0 0 0 0 0 
1094 152 1133 344 152 613 287 152 0 0 0 0 0 0 0 0 0 0 0 0 
1139 1192 164 396 989 17 607 522 0 0 0 0 0 0 0 0 0 0 0 0 
446 1147 771 670 801 1147 1109 1150 0 0 0 0 0 0 0 0 0 0 0 0 
486 1192 741 396 954 0 0 0 0 0 0 0 0 0 0 0 0 0 0 0 
512 1064 396 876 953 636 152 512 0 0 0 0 0 0 0 0 0 0 0 0 
888 1192 152 594 1192 603 1162 1012 152 903 0 0 0 0 0 0 0 0 0 0 
870 152 526 365 1160 978 1192 271 0 0 0 0 0 0 0 0 0 0 0 0 
171 130 1038 326 1112 429 12 396 0 0 0 0 0 0 0 0 0 0 0 0 
1137 603 152 264 837 854 1025 25 396 0 0 0 0 0 0 0 0 0 0 0 
350 175 522 951 153 152 1146 1026 0 0 0 0 0 0 0 0 0 0 0 0 
1162 1000 396 1149 590 406 188 143 396 0 0 0 0 0 0 0 0 0 0 0 
1149 590 406 188 143 396 521 152 0 0 0 0 0 0 0 0 0 0 0 0 
526 844 783 86 1162 1000 862 396 826 0 0 0 0 0 0 0 0 0 0 0 
432 1192 740 17 577 99 1147 0 0 0 0 0 0 0 0 0 0 0 0 0 
12 773 940 268 320 522 379 0 0 0 0 0 0 0 0 0 0 0 0 0 
917 841 152 526 283 0 0 0 0 0 0 0 0 0 0 0 0 0 0 0 
779 396 1147 668 590 1041 1158 726 492 0 0 0 0 0 0 0 0 0 0 0 
207 97 919 152 1135 1154 0 0 0 0 0 0 0 0 0 0 0 0 0 0 
272 175 396 203 1150 414 152 101 12 0 0 0 0 0 0 0 0 0 0 0 
927 396 174 289 152 512 972 837 0 0 0 0 0 0 0 0 0 0 0 0 
837 773 771 1026 106 152 846 531 0 0 0 0 0 0 0 0 0 0 0 0 
289 1162 1192 12 396 197 1192 489 17 522 0 0 0 0 0 0 0 0 0 0 
605 522 203 1150 728 1147 1150 167 492 0 0 0 0 0 0 0 0 0 0 0 
605 522 1075 1150 414 152 101 12 0 0 0 0 0 0 0 0 0 0 0 0 
840 1150 406 1051 854 671 828 627 754 0 0 0 0 0 0 0 0 0 0 0 
406 1051 854 671 828 627 754 1051 151 0 0 0 0 0 0 0 0 0 0 0 
1117 396 32 734 726 1150 887 101 0 0 0 0 0 0 0 0 0 0 0 0 
951 108 406 907 1192 522 101 126 0 0 0 0 0 0 0 0 0 0 0 0 
778 326 106 1151 522 917 0 0 0 0 0 0 0 0 0 0 0 0 0 0 
604 1192 1031 396 885 47 492 0 0 0 0 0 0 0 0 0 0 0 0 0 
1038 522 684 397 396 421 152 512 1172 634 0 0 0 0 0 0 0 0 0 0 
451 862 396 486 951 972 837 0 0 0 0 0 0 0 0 0 0 0 0 0 
769 128 636 396 1127 1147 1150 167 972 0 0 0 0 0 0 0 0 0 0 0 
937 834 890 48 522 989 17 1083 1192 0 0 0 0 0 0 0 0 0 0 0 
350 686 326 1098 326 926 0 0 0 0 0 0 0 0 0 0 0 0 0 0 
630 17 188 837 1171 152 746 1147 1150 167 972 0 0 0 0 0 0 0 0 0 
60 17 769 828 1147 972 837 396 157 226 0 0 0 0 0 0 0 0 0 0 
1101 396 209 264 837 471 1162 0 0 0 0 0 0 0 0 0 0 0 0 0 
1019 854 226 76 522 989 17 75 214 0 0 0 0 0 0 0 0 0 0 0 
879 890 351 588 941 396 0 0 0 0 0 0 0 0 0 0 0 0 0 0 
253 1192 490 522 1104 203 972 837 0 0 0 0 0 0 0 0 0 0 0 0 
314 326 260 828 1060 1150 604 828 0 0 0 0 0 0 0 0 0 0 0 0 
128 1064 396 692 837 603 1162 49 396 128 0 0 0 0 0 0 0 0 0 0 
1139 828 930 155 1150 522 386 0 0 0 0 0 0 0 0 0 0 0 0 0 
605 396 56 858 522 1149 590 0 0 0 0 0 0 0 0 0 0 0 0 0 
906 12 396 671 187 890 26 588 0 0 0 0 0 0 0 0 0 0 0 0 
596 588 454 670 538 636 152 512 0 0 0 0 0 0 0 0 0 0 0 0 
272 724 396 324 218 981 854 1140 492 0 0 0 0 0 0 0 0 0 0 0 
550 837 1038 326 635 1147 1150 167 972 0 0 0 0 0 0 0 0 0 0 0 
368 1192 736 724 152 274 837 396 0 0 0 0 0 0 0 0 0 0 0 0 
913 17 729 449 1051 695 0 0 0 0 0 0 0 0 0 0 0 0 0 0 
375 828 388 152 422 175 396 0 0 0 0 0 0 0 0 0 0 0 0 0 
1094 1192 1186 310 1162 1088 152 0 0 0 0 0 0 0 0 0 0 0 0 0 
755 396 203 492 773 43 1162 1101 0 0 0 0 0 0 0 0 0 0 0 0 
1139 392 862 17 1089 1150 118 492 0 0 0 0 0 0 0 0 0 0 0 0 
1094 828 1186 854 1147 837 1139 396 0 0 0 0 0 0 0 0 0 0 0 0 
737 1192 143 522 526 590 1169 1192 396 0 0 0 0 0 0 0 0 0 0 0 
486 1192 510 396 1173 0 0 0 0 0 0 0 0 0 0 0 0 0 0 0 
899 152 388 828 178 1150 968 0 0 0 0 0 0 0 0 0 0 0 0 0 
1139 828 964 152 522 286 1024 754 0 0 0 0 0 0 0 0 0 0 0 0 
888 590 388 828 746 128 0 0 0 0 0 0 0 0 0 0 0 0 0 0 
917 604 152 522 226 76 396 772 0 0 0 0 0 0 0 0 0 0 0 0 
412 12 396 537 976 396 753 1172 0 0 0 0 0 0 0 0 0 0 0 0 
979 854 798 152 264 837 480 392 0 0 0 0 0 0 0 0 0 0 0 0 
548 396 811 853 282 854 571 0 0 0 0 0 0 0 0 0 0 0 0 0 
156 734 726 837 603 17 8 700 396 0 0 0 0 0 0 0 0 0 0 0 
603 17 8 700 396 965 603 152 264 0 0 0 0 0 0 0 0 0 0 0 
1182 17 1094 152 550 837 1171 152 326 0 0 0 0 0 0 0 0 0 0 0 
194 918 651 828 183 734 726 1150 167 1150 0 0 0 0 0 0 0 0 0 0 
918 651 828 183 734 726 1150 167 1150 459 0 0 0 0 0 0 0 0 0 0 
